0
0
0
0
0
0
0
0
0
0
0
0
0
0
0
0
0
0
0
0
0
0
0
0
0
0
0
0
0
0
0
0
0
0
0
0
0
0
0
0
0
0
0
0
0
0
0.223784730578954
189.561023329944
189.946812218122
5.17591437443324
5.01446289462895
16.716899658279
16.8563399778516
17.9979058861578
17.2459709270433
18.1301442227067
17.7491223773369
18.3539372313681
18.3045290423862
19.4111665353986
8.00003106554831
7.11373762376238
7.23773420823781
6.49879977138503
7.73939292302532
7.34180931051032
6.56265360212031
6.23785447179807
8.21793205061536
749.990990990991
747.090757701915
746.609153535514
749.205562964374
749.138298772746
745.963675554846
751.926927410269
746.956912730685
745.033240515141
754.56073314694
752.390328874024
751.60642602142
754.129118408503
753.650750572471
751.206690084624
756.969564513518
751.591883015327
750.229605665822
745.34513824169
742.625395001436
741.839395635143
744.685463897885
744.678290308929
741.108254829954
747.353427321342
742.764756671899
740.167818706798
0.846090720964849
0.439530146652512
0.601013437657962
1.39764225366577
1.82123489348796
1.11416758652318
1.25086697820318
1.55293467651144
1.54001033383102
1.39904129635765
1.38025575727081
1.76763283733587
1.53957442441825
2.03356089430825
0.944518976304449
1.31862881021125
0.250019879868633
1.37788217776922
0.601384705436228
0.721751676313072
1.49884954939817
1.58523279262979
0.20156313991989
1.48122946850213
0.590730947517895
0.398513784066384
0.443664208080469
0.390828228466911
1.61995904166955
1.79119265388394
0.243088818257465
1.39272774689567
1.83949095910948
2.74457486699272
0.480061903162621
0.770668449999511
0.634702975803835
0.915628916985932
0.971856769084958
