1
1
1
1
1
1
1
1
1
1
1
1
1
1
1
1
1
1
1
1
1
1
1
1
1
1
1
1
1
1
1
1
1
1
1
1
1
1
1
1
1
1
1
1
1
1
0.34411161772344
96.5965655630625
96.3046403504803
3.0913607199023
2.97060309635615
11.2654156608619
12.1923638084944
12.1377117245992
12.292807916598
12.0371230574922
11.9460845637025
12.5412221392146
12.9750207418929
12.4788213204004
10.5245944459921
10.6918025327303
10.588657436517
10.7344339339108
10.5213685457678
10.8424356594351
10.4700479046901
10.8320504264138
10.9655366413889
6.05205148199265
9.23434319832032
7.17771150392544
6.42628268210205
5.42745389494262
6.53604452510294
9.03059699575172
7.12527007202731
9.84224758115329
6.2430788693842
9.36920367675002
7.51967945732587
6.59717009122308
6.10375231062847
6.84168203904755
8.93946721068628
7.16844792219895
10.3375144800131
5.90707909292163
9.10907762837313
7.30764603579744
6.66593203462637
5.67176934041234
6.48998126364335
8.82062627361047
7.54333830101632
9.32068825715198
0.890446109307669
0.889264415796631
0.978578225975669
1.02823971504313
1.01564013921056
0.962759730802204
0.924736260165537
1.0190663802311
0.974489542235552
0.956332709950556
1.03146956607787
0.997203433737458
0.973799803078575
1.00343094465767
1.05718413284291
0.909249484295123
0.19094364471122
0.932421185357892
1.36233429024194
0.523683389556481
0.964595680725408
1.03962543625099
0.288921784661352
1.00263089601595
0.812866787801956
0.675972430274855
0.38496093535045
0.504686710018315
1.02108482523697
1.06449832965202
0.3314397653793
0.987366281272789
1.00878731286968
2.10710044033935
0.301248588693976
0.536628483723158
0.282641772074043
0.928581902349365
0.992460101211487
